d=2
k=2
[alpha[1] = 1, kappa[1] = 2, kappa[2] = 2, theta[1] = 2, theta[2] = 1]
Matrix(2, 5, [[1,0,0,1,0],[9,4,0,12,0]])

d=3
k=2
[alpha[1] = 2, kappa[1] = 1, kappa[2] = 1, theta[1] = 2, theta[2] = 1]
Matrix(3, 5, [[1,0,0,2,-1],[6,8,-1,16,-4],[42,80,-5,144,-18]])

d=4
k=2
[alpha[1] = 2, kappa[1] = 2, kappa[2] = 1, theta[1] = 2, theta[2] = 2]
Matrix(4, 5, [[0,0,0,2,-1],[4,8,-4,24,-8],[48,112,-40,288,-72],[576,1504,-416,3840,-768]])

d=5
k=2
[alpha[1] = 2, kappa[1] = 2, kappa[2] = 2, theta[1] = 2, theta[2] = 1]
Matrix(5, 5, [[1,0,0,2,-1],[9,8,-1,24,-6],[84,112,-7,288,-36],[900,1504,-47,3840,-240],[11160,21888,-342,57600,-1800]])

d=6
k=2
[alpha[1] = 2, kappa[1] = 1, kappa[2] = 2, theta[1] = 2, theta[2] = 2]
Matrix(6, 5, [[0,0,0,2,-1],[-4,8,-4,16,-12],[-48,80,-56,144,-144],[-576,832,-752,1536,-1920],[-7680,9856,-10944,19200,-28800],[-115200,133632,-176256,276480,-483840]])

d=6
k=3
[alpha[1] = 2, alpha[2] = 1, kappa[1] = 2, kappa[2] = 2, kappa[3] = 1, theta[1] = 2, theta[2] = 1, theta[3] = 1]
Matrix(6, 8, [[1,0,0,0,0,2,1,-2],[10,1,8,1,-2,24,6,-8],[90,6,112,7,-10,288,36,-36],[936,36,1504,47,-52,3840,240,-192],[11400,240,21888,342,-308,57600,1800,-1200],[160560,1800,352512,2754,-2088,967680,15120,-8640]])

d=7
k=2
[alpha[1] = 2, kappa[1] = 1, kappa[2] = 2, theta[1] = 1, theta[2] = 1]
Matrix(7, 5, [[0,0,0,2,-1],[-1,2,-1,8,-6],[-6,10,-7,36,-36],[-36,52,-47,192,-240],[-240,308,-342,1200,-1800],[-1800,2088,-2754,8640,-15120],[-15120,16056,-24552,70560,-141120]])

d=7
k=3
[alpha[1] = 1, alpha[2] = 2, kappa[1] = 1, kappa[2] = 1, kappa[3] = 2, theta[1] = 1, theta[2] = 2, theta[3] = 1]
Matrix(7, 8, [[0,1,0,0,0,1,2,-2],[-1,5,1,8,-2,4,16,-12],[-6,36,5,80,-14,18,144,-72],[-36,324,26,832,-94,96,1536,-480],[-240,3480,154,9856,-684,600,19200,-3600],[-1800,43560,1044,133632,-5508,4320,276480,-30240],[-15120,624960,8028,2055168,-49104,35280,4515840,-282240]])

d=8
k=2
[alpha[1] = 2, kappa[1] = 1, kappa[2] = 1, theta[1] = 1, theta[2] = 2]
Matrix(8, 5, [[-1,0,0,2,-1],[-6,2,-4,8,-8],[-42,10,-40,36,-72],[-360,52,-416,192,-768],[-3720,308,-4928,1200,-9600],[-45360,2088,-66816,8640,-138240],[-640080,16056,-1027584,70560,-2257920],[-10281600,138528,-17731584,645120,-41287680]])

d=8
k=3
[alpha[1] = 2, alpha[2] = 1, kappa[1] = 1, kappa[2] = 2, kappa[3] = 1, theta[1] = 2, theta[2] = 1, theta[3] = 1]
Matrix(8, 8, [[1,0,0,0,0,2,1,-2],[6,1,8,1,-2,16,6,-8],[42,6,80,7,-10,144,36,-36],[360,36,832,47,-52,1536,240,-192],[3720,240,9856,342,-308,19200,1800,-1200],[45360,1800,133632,2754,-2088,276480,15120,-8640],[640080,15120,2055168,24552,-16056,4515840,141120,-70560],[10281600,141120,35463168,241128,-138528,82575360,1451520,-645120]])
