d=2
k=2
[lambda[1] = 1, alpha[1] = 2, alpha[2] = 1, beta[1] = 1, beta[2] = 2]
Matrix(2, 5, [[-1,0,0,1,0],[-5,1,0,6,0]])


d=3
k=2
[lambda[1] = 2, alpha[1] = 2, alpha[2] = 1, beta[1] = 1, beta[2] = 2]
Matrix(3, 5, [[-1,0,0,2,-1],[-5,2,-4,12,-8],[-36,14,-40,72,-72]])


d=4
k=2
[lambda[1] = 2, alpha[1] = 2, alpha[2] = 1, beta[1] = 1, beta[2] = 1]
Matrix(4, 5, [[0,0,0,2,-1],[1,2,-1,12,-4],[6,14,-5,72,-18],[36,94,-26,480,-96]])


d=5
k=2
[lambda[1] = 2, alpha[1] = 1, alpha[2] = 2, beta[1] = 1, beta[2] = 1]
Matrix(5, 5, [[0,0,0,2,-1],[-1,2,-1,8,-6],[-6,10,-7,36,-36],[-36,52,-47,192,-240],[-240,308,-342,1200,-1800]])


d=6
k=2
[lambda[1] = 2, alpha[1] = 2, alpha[2] = 1, beta[1] = 1, beta[2] = 1]
Matrix(6, 5, [[0,0,0,2,-1],[1,2,-1,12,-4],[6,14,-5,72,-18],[36,94,-26,480,-96],[240,684,-154,3600,-600],[1800,5508,-1044,30240,-4320]])


d=6
k=3
[lambda[1] = 1, lambda[2] = 1, alpha[1] = 1, alpha[2] = 2, alpha[3] = 1, beta[1] = 1, beta[2] = 1, beta[3] = 2]
Matrix(6, 8, [[-1,-1,0,0,0,1,1,-1],[-6,-5,1,1,-4,4,6,-8],[-42,-36,5,7,-40,18,36,-72],[-360,-324,26,47,-416,96,240,-768],[-3720,-3480,154,342,-4928,600,1800,-9600],[-45360,-43560,1044,2754,-66816,4320,15120,-138240]])


d=7
k=2
[lambda[1] = 2, alpha[1] = 1, alpha[2] = 2, beta[1] = 1, beta[2] = 2]
Matrix(7, 5, [[-1,0,0,2,-1],[-10,2,-4,8,-12],[-90,10,-56,36,-144],[-936,52,-752,192,-1920],[-11400,308,-10944,1200,-28800],[-160560,2088,-176256,8640,-483840],[-2575440,16056,-3142656,70560,-9031680]])


d=7
k=3
[lambda[1] = 2, lambda[2] = 1, alpha[1] = 2, alpha[2] = 1, alpha[3] = 2, beta[1] = 2, beta[2] = 2, beta[3] = 1]
Matrix(7, 8, [[1,1,0,0,0,2,1,-2],[9,5,8,4,-2,24,8,-12],[84,36,112,40,-14,288,72,-72],[900,324,1504,416,-94,3840,768,-480],[11160,3480,21888,4928,-684,57600,9600,-3600],[158760,43560,352512,66816,-5508,967680,138240,-30240],[2560320,624960,6285312,1027584,-49104,18063360,2257920,-282240]])


d=8
k=2
[lambda[1] = 2, alpha[1] = 2, alpha[2] = 1, beta[1] = 1, beta[2] = 1]
Matrix(8, 5, [[0,0,0,2,-1],[1,2,-1,12,-4],[6,14,-5,72,-18],[36,94,-26,480,-96],[240,684,-154,3600,-600],[1800,5508,-1044,30240,-4320],[15120,49104,-8028,282240,-35280],[141120,482256,-69264,2903040,-322560]])


d=8
k=3
[lambda[1] = 2, lambda[2] = 1, alpha[1] = 1, alpha[2] = 1, alpha[3] = 2, beta[1] = 1, beta[2] = 2, beta[3] = 2]
Matrix(8, 8, [[-1,0,0,0,0,2,1,-2],[-10,-4,2,4,-8,8,8,-24],[-90,-48,10,40,-112,36,72,-288],[-936,-576,52,416,-1504,192,768,-3840],[-11400,-7680,308,4928,-21888,1200,9600,-57600],[-160560,-115200,2088,66816,-352512,8640,138240,-967680],[-2575440,-1935360,16056,1027584,-6285312,70560,2257920,-18063360],[-46408320,-36126720,138528,17731584,-123457536,645120,41287680,-371589120]])
